0.3931 0.6553 0
0.2320 0.7895 0
0.2760 0.7972 0
0.6135 0.5844 0
0.0566 0.9823 0
0.1202 1.0000 0
0.4558 0.8206 0
0.5729 0.7244 0
0.0777 0.7289 0
0.4207 0.5750 0
0.6417 0.6253 0
0.1495 0.6625 0
0.1714 0.5347 0
0.0845 0.9731 0
0.1696 0.9673 0
0.6993 0.7561 0
0.5804 0.8408 0
0.1331 0.6654 0
0.6086 0.5959 0
0.1720 0.8357 0
0.3139 0.7642 0
0.6487 0.5015 0
0.5536 0.7607 0
0.2639 0.9666 0
0.0900 0.6903 0
0.2431 0.6383 0
0.0066 0.8846 0
0.2105 0.9050 0
0.4889 0.6461 0
0.0058 0.8535 0
0.4004 0.7620 0
0.4571 0.6832 0
0.0947 0.5169 0
0.3130 0.6509 0
0.0142 0.7423 0
0.6670 0.8367 0
0.6855 0.6521 0
0.1109 0.7924 0
0.6267 0.6762 0
0.4159 0.7723 0
0.5581 0.8758 0
0.4030 0.9089 0
0.3983 0.7931 0
0.0000 0.6792 0
0.1478 0.8944 0
0.3924 0.9154 0
0.5697 0.8456 0
0.1115 1.0000 0
0.1916 1.0000 0
0.6107 0.6646 0
0.7431 0.5340 0
0.6017 0.5560 0
0.2463 0.9770 0
0.4112 0.9511 0
0.2951 0.5727 0
0.2609 0.6443 0
0.1299 0.7484 0
0.1699 0.6072 0
0.0000 0.7358 0
0.3373 0.8465 0
0.8454 0.5950 1
0.9061 0.6324 1
0.8183 0.2609 1
0.5157 0.1432 1
0.7147 0.2122 1
0.7576 0.6399 1
0.7516 0.3217 1
0.6809 0.5107 1
0.7471 0.5941 1
0.7492 0.1797 1
0.5055 0.0629 1
0.6727 0.4990 1
0.9376 0.6804 1
0.5238 0.6637 1
0.5042 0.3258 1
0.6137 0.4545 1
0.7505 0.4617 1
1.0000 0.6957 1
1.0000 0.0544 1
1.0000 0.3004 1
0.5839 0.3296 1
0.8256 0.4793 1
0.7623 0.3118 1
0.5279 0.5837 1
0.9366 0.5922 1
0.6309 0.0381 1
1.0000 0.2038 1
0.8361 0.6738 1
0.6014 0.0053 1
0.6928 0.3745 1
0.5909 0.6615 1
0.7291 0.6002 1
0.7852 0.2221 1
0.7944 0.4253 1
0.7053 0.3297 1
0.5969 0.4154 1
0.7523 0.6313 1
0.7037 0.4702 1
0.6836 0.3130 1
0.6788 0.1916 1
0.5586 0.1942 1
0.6661 0.3846 1
0.7406 0.0929 1
0.9362 0.4671 1
0.8600 0.5549 1
0.8750 0.6642 1
0.6905 0.4849 1
0.6104 0.3653 1
0.8205 0.3043 1
0.8496 0.6510 1
0.5575 0.1428 1
0.5344 0.2949 1
0.7020 0.7053 1
0.5107 0.0248 1
0.9635 0.4790 1
0.9634 0.0069 1
0.7708 0.2556 1
0.6548 0.0210 1
0.6013 0.0148 1
0.9538 0.1192 1
