2020 1 100.30 192.26
2020 2 104.41 194.87
2020 3 109.93 195.86
2020 4 107.25 193.18
2020 5 108.23 191.93
2020 6 116.40 194.57
2020 7 117.69 187.53
2020 8 116.79 189.05
2020 9 118.06 183.19
2020 10 127.10 182.47
2020 11 114.10 180.66
2020 12 124.38 178.32
2021 1 107.69 206.37
2021 2 97.48 198.00
2021 3 113.46 193.56
2021 4 112.56 190.64
2021 5 107.21 194.61
2021 6 117.20 194.80
2021 7 119.99 189.48
2021 8 106.32 187.92
2021 9 111.78 188.53
2021 10 114.75 184.03
2021 11 116.12 183.78
2021 12 130.36 183.70